# Created by Octave 5.2.0, Fri Mar 13 10:46:37 2020 GMT <unknown@BFHS-505011>
# name: phones
# type: matrix
# rows: 28
# columns: 6
 6.7999999999999998 495 512 12 6.9100000000000001 1349.98
 6.7999999999999998 495 256 12 6.9100000000000001 1092.3299999999999
 6.5899999999999999 391 1000 12 8.4700000000000006 1098.99
 6.5 643 128 6 6.2699999999999996 860.45000000000005
 6.4000000000000004 526 1000 12 6.9800000000000004 869.99000000000001
 6.4000000000000004 514 512 8 7.0899999999999999 879.95000000000005
 6.5 456 512 4 7.3399999999999999 674
 6.4000000000000004 514 512 8 7.0899999999999999 709.99000000000001
 6 402 128 6 6.2800000000000002 706.35000000000002
 6.6699999999999999 515 256 8 7.2699999999999996 647
 6.4000000000000004 403 128 6 6.7699999999999996 650
 5.7000000000000002 515 64 8 6.9500000000000002 658
 5.7000000000000002 443 128 6 5.71 649
 6.5 456 256 4 7.3399999999999999 629
 6.2999999999999998 534 64 6 6.8099999999999996 649
 5.71 504 128 4 6.5199999999999996 581.01999999999998
 6.5499999999999998 402 128 8 6.7000000000000002 593.29999999999995
 6 537 128 6 6.6299999999999999 569
 6 537 128 4 5.5700000000000003 499
 5.7000000000000002 565 32 4 5.7400000000000002 505.74000000000001
 6.7000000000000002 393 128 8 7.7599999999999998 499.99000000000001
 5.2000000000000002 424 32 4 5.4000000000000004 494.89999999999998
 5.7999999999999998 463 256 3 6.1399999999999997 445
 5 294 8 1 5.04 49.990000000000002
 5 294 8 1 5.2800000000000002 79.989999999999995
 6 367 32 2 6.1699999999999999 99.969999999999999
 6.5 264 32 3 6.46 174.99000000000001
 5.7000000000000002 424 64 4 5.8899999999999997 319.99000000000001


